0.0 0.0 0.0
0.0 0.0 0.0
0.0 0.0 0.0
0.0 0.0 0.0
0.0 0.0 0.0
1.000000 0.000000 0.000000
0.798000 0.603000 0.000000
-0.264000 0.553000 0.790000
0.930000 -0.353000 -0.099000
-0.159000 -0.779000 0.607000
-0.565000 -0.099000 0.819000
0.537000 0.448000 0.715000
-0.545000 0.818000 -0.183000
0.755000 -0.240000 0.610000
-0.168000 -0.985000 0.040000
0.226000 -0.958000 -0.178000
0.112000 -0.829000 -0.548000
-0.503000 -0.495000 0.709000
-0.491000 0.767000 0.414000
-0.717000 -0.126000 -0.685000
-0.527000 -0.848000 -0.058000
0.746000 -0.475000 -0.467000
0.587000 -0.289000 -0.756000
-0.223000 -0.916000 -0.334000
-0.827000 0.494000 -0.270000
0.599000 0.683000 0.418000
-0.477000 0.337000 -0.812000
0.934000 -0.046000 0.354000
0.229000 0.703000 0.673000
-0.150000 0.298000 -0.943000
0.151000 -0.970000 0.192000
0.888000 -0.109000 -0.448000
0.104000 0.425000 0.899000
-0.237000 0.830000 -0.504000
0.690000 0.611000 -0.388000
-0.105000 0.609000 -0.786000
-0.002000 0.002000 1.000000
-0.394000 -0.108000 -0.913000
-0.251000 -0.327000 0.911000
-0.807000 -0.245000 0.537000
-0.931000 -0.322000 0.171000
0.561000 -0.624000 0.544000
-0.711000 0.693000 0.120000
0.871000 0.365000 0.329000
-0.274000 0.186000 0.944000
0.398000 0.851000 -0.342000
